
id_birds=
[6 7 8 13 26;
7 8 13 26;
11 16 13 33;
15 16 12 20 26 33 13 17;
14 15 16 19 20 26 33 17;
20 26 33 37 38 22 21;
23 28 33 37 26 27 22 29 38;
32 33 34 35 36 37 38;
40 41 43 42 46 69;
43 42 46 51 44 45 69;
49 51 52 62 66 69 88;
62 69 72 64 65 85 66 88;
63 84 86 87;
74 75 76 78 79 80;
119 120 130 122 123 147;
100 101 125 108 132;
125 126 127 132 134 163 169;
137 138 139 155;
154 155 156 159 170 160 158;
178 179 180 181;
184 185 188 186;
198 193 194 195 191 190 196;
196 197 198 199 200 202;
204 208 209 210 214;
210 214 212 213;
217 219 226 225;]